5024
81
546
-1
28
226
286
226
297
222
307
215
316
213
317
213
318
193
325
191
326
154
323
153
320
165
326
182
329
199
326
214
318
226
304
232
288
232
271
229
270
237
268
244
263
249
257
252
249
253
242
252
234
249
227
244
221
237
216
229
213
-1
9
210
194
229
212
228
215
226
216
221
221
217
226
216
233
218
239
221
245
-1
4
227
266
222
246
220
249
227
281
-1
3
152
288
152
288
226
282
-1
2
152
292
223
287
-1
2
203
291
209
290
-1
2
236
265
229
268
-1
12
233
265
235
266
242
264
246
258
248
253
249
248
249
243
249
239
248
234
246
229
243
224
238
220
-1
2
228
215
239
219
-1
2
241
207
229
182
-1
4
70
179
98
190
163
198
227
183
-1
2
212
193
229
185
-1
3
245
207
242
197
232
182
-1
4
246
172
235
181
236
181
242
176
-1
2
236
181
242
176
-1
2
244
171
234
178
-1
26
272
200
268
192
248
169
250
167
262
148
264
148
295
180
298
177
263
142
264
142
267
118
260
90
259
91
262
85
270
66
271
42
253
29
252
28
252
22
248
9
247
9
244
7
240
6
236
6
237
6
214
12
-1
2
205
17
213
13
-1
2
222
13
228
11
-1
2
205
19
238
8
-1
11
247
14
250
29
251
30
248
30
230
40
228
40
227
40
218
34
207
32
206
33
205
23
-1
4
203
16
200
10
199
11
204
33
-1
13
197
34
197
34
193
31
188
30
183
30
179
33
176
38
176
43
177
48
179
51
181
55
184
58
187
60
-1
10
177
3
174
5
168
11
162
18
157
27
153
38
153
51
161
62
174
65
186
63
-1
2
180
69
187
67
-1
14
153
30
149
43
154
61
171
68
189
66
190
66
194
70
202
75
212
76
214
76
214
77
224
91
240
99
257
92
-1
4
261
140
262
137
264
114
257
92
-1
12
218
74
222
74
240
72
239
71
240
70
243
67
244
63
244
59
243
55
240
52
237
50
233
49
-1
11
224
70
227
72
230
73
234
72
238
70
240
67
241
64
242
60
240
56
238
53
235
51
-1
2
227
72
233
55
-1
18
220
75
220
78
223
87
230
94
240
96
249
93
256
87
261
81
264
75
267
69
269
62
270
54
268
45
263
37
254
32
244
34
236
38
230
44
-1
19
211
74
216
73
222
69
226
64
229
58
229
51
227
45
223
40
217
36
210
35
203
36
197
39
193
44
191
51
191
57
193
64
197
69
203
72
209
74
-1
2
193
39
187
55
-1
11
195
37
195
36
193
34
190
33
186
33
183
34
181
36
179
39
179
42
179
45
181
48
-1
12
66
11
108
24
156
24
157
23
165
9
175
0
177
2
182
1
188
2
193
5
196
9
197
10
-1
3
75
20
108
28
150
25
-1
2
78
16
55
11
-1
4
51
61
46
42
47
23
51
12
-1
6
46
22
47
17
50
12
54
9
59
8
61
8
-1
3
47
60
43
31
44
22
-1
4
28
142
28
109
38
78
48
64
-1
4
32
140
30
113
37
87
51
66
-1
4
1
177
19
153
44
136
46
135
-1
2
50
138
37
146
-1
2
48
162
37
146
-1
2
1
181
34
147
-1
2
47
166
35
150
-1
6
59
161
54
167
54
168
65
176
63
178
52
171
-1
7
64
180
56
191
51
206
54
208
68
180
70
183
92
193
-1
3
57
219
75
210
92
192
-1
2
80
211
96
194
-1
2
87
222
101
197
-1
2
82
239
106
195
-1
2
117
198
106
195
-1
2
121
199
176
201
-1
11
124
200
124
203
126
213
131
221
138
227
148
230
157
229
166
226
173
219
178
211
179
201
-1
15
121
200
121
204
123
214
129
223
137
229
148
233
158
232
168
228
176
220
181
211
182
200
183
200
200
197
202
198
220
253
-1
4
215
226
215
225
221
220
224
212
-1
2
206
194
224
213
-1
2
214
225
205
197
-1
2
238
160
271
203
-1
2
247
166
241
158
-1
2
247
165
259
146
-1
9
257
138
256
138
247
136
252
142
256
144
258
145
260
141
259
141
247
135
-1
22
217
131
216
129
216
126
214
124
212
121
208
120
205
121
202
123
201
125
199
128
199
131
199
133
199
136
201
139
203
141
205
143
209
143
212
142
214
139
216
137
216
134
217
132
-1
44
148
140
146
141
143
141
140
143
137
145
134
149
134
153
136
157
139
159
142
161
146
162
149
162
152
162
155
161
159
159
162
156
163
152
162
147
159
144
156
142
153
141
149
140
148
143
147
143
145
144
142
144
139
146
137
149
137
152
138
155
141
157
144
159
146
159
149
159
151
159
154
158
156
157
159
155
160
152
159
148
157
146
155
144
152
143
149
143
-1
22
95
131
95
129
94
126
93
124
90
121
87
120
84
121
81
123
79
125
78
128
78
131
78
133
78
136
79
139
81
141
84
143
88
143
91
142
93
139
94
137
95
134
95
132
-1
22
35
182
35
182
34
183
31
187
26
199
36
188
38
186
39
184
39
184
40
183
40
182
40
182
41
181
43
179
49
169
42
172
38
177
37
178
36
179
36
180
36
180
35
181
-1
2
5
176
10
171
-1
13
57
218
56
220
54
226
54
233
53
231
51
236
49
245
51
253
56
260
62
265
70
268
70
270
69
301
-1
5
146
320
124
327
100
326
79
316
64
303
-1
9
120
321
107
323
94
321
83
315
74
305
70
292
69
285
72
286
148
291
-1
2
149
320
148
292
-1
2
72
282
147
289
-1
2
153
293
151
320
-1
2
123
326
148
321
-1
2
82
240
71
279
-1
13
71
265
84
227
85
227
78
216
76
215
75
214
69
215
63
218
59
222
56
228
56
234
58
233
53
241
-1
6
70
265
63
262
57
258
53
252
52
244
52
241
-1
2
58
225
57
230
-1
3
78
211
80
215
85
222
